1 1 0 0 15840 3600 9 5 24 36 48 50 61 76 89 90 
11 2 0 0 7920 1800 10 13 14 30 37 40 43 119 120 122 123 
111 3 0 0 3960 900 3 20 26 121 
1111 4 0 0 1980 450 0 
11111 5 0 0 990 225 0 
11112 5 990 0 1980 225 0 
11113 5 0 225 990 450 0 
11114 5 990 225 1980 450 0 
111141 6 990 225 1485 337 0 
111142 6 1485 225 1980 337 0 
111143 6 990 337 1485 449 0 
111144 6 1485 337 1980 449 1 124 
1112 4 1980 0 3960 450 1 27 
11121 5 1980 0 2970 225 1 25 
11122 5 2970 0 3960 225 0 
11123 5 1980 225 2970 450 2 22 23 
111231 6 1980 225 2475 337 0 
111232 6 2475 225 2970 337 0 
111233 6 1980 337 2475 449 1 21 
111234 6 2475 337 2970 449 0 
11124 5 2970 225 3960 450 0 
1113 4 0 450 1980 900 0 
1114 4 1980 450 3960 900 0 
11141 5 1980 450 2970 675 0 
11142 5 2970 450 3960 675 0 
111421 6 2970 450 3465 562 0 
111422 6 3465 450 3960 562 0 
111423 6 2970 562 3465 674 0 
1114231 7 2970 562 3217 618 0 
1114232 7 3217 562 3464 618 0 
11142321 8 3217 562 3340 590 0 
11142322 8 3340 562 3463 590 0 
111423221 9 3340 562 3401 576 0 
111423222 9 3401 562 3462 576 0 
1114232221 10 3401 562 3431 569 0 
1114232222 10 3431 562 3461 569 0 
1114232223 10 3401 569 3431 576 0 
1114232224 10 3431 569 3461 576 0 
111423223 9 3340 576 3401 590 0 
111423224 9 3401 576 3462 590 0 
11142323 8 3217 590 3340 618 0 
11142324 8 3340 590 3463 618 0 
1114233 7 2970 618 3217 674 0 
1114234 7 3217 618 3464 674 0 
111424 6 3465 562 3960 674 0 
11143 5 1980 675 2970 900 0 
11144 5 2970 675 3960 900 0 
112 3 3960 0 7920 900 1 41 
1121 4 3960 0 5940 450 2 31 32 
11211 5 3960 0 4950 225 0 
11212 5 4950 0 5940 225 0 
11213 5 3960 225 4950 450 2 33 34 
11214 5 4950 225 5940 450 0 
1122 4 5940 0 7920 450 0 
1123 4 3960 450 5940 900 0 
1124 4 5940 450 7920 900 0 
113 3 0 900 3960 1800 2 7 126 
1131 4 0 900 1980 1350 3 12 115 116 
11311 5 0 900 990 1125 0 
113111 6 0 900 495 1012 0 
113112 6 495 900 990 1012 0 
113113 6 0 1012 495 1124 0 
113114 6 495 1012 990 1124 1 11 
11312 5 990 900 1980 1125 0 
11313 5 0 1125 990 1350 0 
11314 5 990 1125 1980 1350 1 8 
1132 4 1980 900 3960 1350 1 38 
1133 4 0 1350 1980 1800 1 6 
11331 5 0 1350 990 1575 0 
11332 5 990 1350 1980 1575 0 
113321 6 990 1350 1485 1462 0 
113322 6 1485 1350 1980 1462 1 125 
113323 6 990 1462 1485 1574 0 
113324 6 1485 1462 1980 1574 0 
11333 5 0 1575 990 1800 0 
11334 5 990 1575 1980 1800 0 
1134 4 1980 1350 3960 1800 0 
11341 5 1980 1350 2970 1575 0 
11342 5 2970 1350 3960 1575 1 118 
11343 5 1980 1575 2970 1800 0 
11344 5 2970 1575 3960 1800 0 
114 3 3960 900 7920 1800 2 59 60 
1141 4 3960 900 5940 1350 0 
1142 4 5940 900 7920 1350 0 
1143 4 3960 1350 5940 1800 5 53 54 57 58 117 
1144 4 5940 1350 7920 1800 3 67 70 71 
11441 5 5940 1350 6930 1575 0 
114411 6 5940 1350 6435 1462 0 
1144111 7 5940 1350 6187 1406 0 
1144112 7 6187 1350 6434 1406 0 
1144113 7 5940 1406 6187 1462 0 
1144114 7 6187 1406 6434 1462 0 
11441141 8 6187 1406 6310 1434 0 
114411411 9 6187 1406 6248 1420 0 
114411412 9 6248 1406 6309 1420 0 
114411413 9 6187 1420 6248 1434 0 
1144114131 10 6187 1420 6217 1427 0 
1144114132 10 6217 1420 6247 1427 0 
1144114133 10 6187 1427 6217 1434 0 
1144114134 10 6217 1427 6247 1434 0 
114411414 9 6248 1420 6309 1434 0 
11441142 8 6310 1406 6433 1434 0 
11441143 8 6187 1434 6310 1462 0 
11441144 8 6310 1434 6433 1462 0 
114412 6 6435 1350 6930 1462 0 
1144121 7 6435 1350 6682 1406 0 
1144122 7 6682 1350 6929 1406 0 
1144123 7 6435 1406 6682 1462 0 
1144124 7 6682 1406 6929 1462 0 
11441241 8 6682 1406 6805 1434 0 
11441242 8 6805 1406 6928 1434 0 
11441243 8 6682 1434 6805 1462 0 
114412431 9 6682 1434 6743 1448 0 
114412432 9 6743 1434 6804 1448 0 
1144124321 10 6743 1434 6773 1441 0 
1144124322 10 6773 1434 6803 1441 0 
1144124323 10 6743 1441 6773 1448 0 
1144124324 10 6773 1441 6803 1448 0 
114412433 9 6682 1448 6743 1462 0 
114412434 9 6743 1448 6804 1462 0 
11441244 8 6805 1434 6928 1462 0 
114413 6 5940 1462 6435 1574 0 
114414 6 6435 1462 6930 1574 0 
11442 5 6930 1350 7920 1575 0 
114421 6 6930 1350 7425 1462 0 
1144211 7 6930 1350 7177 1406 0 
1144212 7 7177 1350 7424 1406 0 
1144213 7 6930 1406 7177 1462 0 
11442131 8 6930 1406 7053 1434 0 
11442132 8 7053 1406 7176 1434 0 
11442133 8 6930 1434 7053 1462 0 
11442134 8 7053 1434 7176 1462 0 
114421341 9 7053 1434 7114 1448 0 
114421342 9 7114 1434 7175 1448 0 
1144213421 10 7114 1434 7144 1441 0 
1144213422 10 7144 1434 7174 1441 0 
1144213423 10 7114 1441 7144 1448 0 
1144213424 10 7144 1441 7174 1448 0 
114421343 9 7053 1448 7114 1462 0 
114421344 9 7114 1448 7175 1462 0 
1144214 7 7177 1406 7424 1462 0 
114422 6 7425 1350 7920 1462 0 
1144221 7 7425 1350 7672 1406 0 
1144222 7 7672 1350 7919 1406 0 
1144223 7 7425 1406 7672 1462 0 
1144224 7 7672 1406 7919 1462 0 
11442241 8 7672 1406 7795 1434 0 
11442242 8 7795 1406 7918 1434 0 
11442243 8 7672 1434 7795 1462 1 69 
11442244 8 7795 1434 7918 1462 0 
114423 6 6930 1462 7425 1574 0 
114424 6 7425 1462 7920 1574 0 
11443 5 5940 1575 6930 1800 0 
11444 5 6930 1575 7920 1800 0 
12 2 7920 0 15840 1800 1 88 
121 3 7920 0 11880 900 0 
122 3 11880 0 15840 900 0 
123 3 7920 900 11880 1800 1 84 
1231 4 7920 900 9900 1350 0 
1232 4 9900 900 11880 1350 0 
1233 4 7920 1350 9900 1800 2 73 74 
12331 5 7920 1350 8910 1575 0 
123311 6 7920 1350 8415 1462 0 
1233111 7 7920 1350 8167 1406 0 
1233112 7 8167 1350 8414 1406 0 
1233113 7 7920 1406 8167 1462 0 
12331131 8 7920 1406 8043 1434 0 
12331132 8 8043 1406 8166 1434 0 
12331133 8 7920 1434 8043 1462 0 
123311331 9 7920 1434 7981 1448 0 
123311332 9 7981 1434 8042 1448 0 
1233113321 10 7981 1434 8011 1441 0 
1233113322 10 8011 1434 8041 1441 0 
1233113323 10 7981 1441 8011 1448 0 
1233113324 10 8011 1441 8041 1448 0 
123311333 9 7920 1448 7981 1462 0 
123311334 9 7981 1448 8042 1462 0 
12331134 8 8043 1434 8166 1462 0 
1233114 7 8167 1406 8414 1462 0 
123312 6 8415 1350 8910 1462 0 
123313 6 7920 1462 8415 1574 0 
123314 6 8415 1462 8910 1574 0 
12332 5 8910 1350 9900 1575 0 
12333 5 7920 1575 8910 1800 0 
12334 5 8910 1575 9900 1800 0 
1234 4 9900 1350 11880 1800 2 85 87 
12341 5 9900 1350 10890 1575 0 
12342 5 10890 1350 11880 1575 1 86 
12343 5 9900 1575 10890 1800 0 
12344 5 10890 1575 11880 1800 0 
124 3 11880 900 15840 1800 0 
13 2 0 1800 7920 3600 5 51 78 79 82 83 
131 3 0 1800 3960 2700 0 
1311 4 0 1800 1980 2250 0 
1312 4 1980 1800 3960 2250 1 47 
13121 5 1980 1800 2970 2025 0 
13122 5 2970 1800 3960 2025 0 
131221 6 2970 1800 3465 1912 0 
131222 6 3465 1800 3960 1912 0 
1312221 7 3465 1800 3712 1856 0 
13122211 8 3465 1800 3588 1828 0 
13122212 8 3588 1800 3711 1828 1 49 
13122213 8 3465 1828 3588 1856 0 
13122214 8 3588 1828 3711 1856 0 
1312222 7 3712 1800 3959 1856 0 
1312223 7 3465 1856 3712 1912 0 
1312224 7 3712 1856 3959 1912 0 
131223 6 2970 1912 3465 2024 0 
131224 6 3465 1912 3960 2024 0 
13123 5 1980 2025 2970 2250 0 
13124 5 2970 2025 3960 2250 0 
1313 4 0 2250 1980 2700 0 
1314 4 1980 2250 3960 2700 0 
132 3 3960 1800 7920 2700 1 62 
1321 4 3960 1800 5940 2250 0 
1322 4 5940 1800 7920 2250 1 75 
1323 4 3960 2250 5940 2700 0 
1324 4 5940 2250 7920 2700 1 80 
133 3 0 2700 3960 3600 0 
134 3 3960 2700 7920 3600 0 
1341 4 3960 2700 5940 3150 0 
1342 4 5940 2700 7920 3150 1 81 
1343 4 3960 3150 5940 3600 0 
1344 4 5940 3150 7920 3600 0 
14 2 7920 1800 15840 3600 4 92 93 95 97 
141 3 7920 1800 11880 2700 0 
142 3 11880 1800 15840 2700 1 91 
1421 4 11880 1800 13860 2250 0 
1422 4 13860 1800 15840 2250 0 
1423 4 11880 2250 13860 2700 0 
14231 5 11880 2250 12870 2475 0 
14232 5 12870 2250 13860 2475 0 
14233 5 11880 2475 12870 2700 0 
142331 6 11880 2475 12375 2587 0 
142332 6 12375 2475 12870 2587 0 
142333 6 11880 2587 12375 2699 1 94 
142334 6 12375 2587 12870 2699 0 
14234 5 12870 2475 13860 2700 0 
1424 4 13860 2250 15840 2700 0 
143 3 7920 2700 11880 3600 1 96 
144 3 11880 2700 15840 3600 8 102 103 104 105 106 107 109 111 
1441 4 11880 2700 13860 3150 0 
14411 5 11880 2700 12870 2925 0 
14412 5 12870 2700 13860 2925 0 
14413 5 11880 2925 12870 3150 1 98 
144131 6 11880 2925 12375 3037 0 
144132 6 12375 2925 12870 3037 0 
144133 6 11880 3037 12375 3149 0 
1441331 7 11880 3037 12127 3093 0 
1441332 7 12127 3037 12374 3093 0 
14413321 8 12127 3037 12250 3065 0 
14413322 8 12250 3037 12373 3065 0 
14413323 8 12127 3065 12250 3093 0 
144133231 9 12127 3065 12188 3079 0 
144133232 9 12188 3065 12249 3079 1 100 
144133233 9 12127 3079 12188 3093 0 
144133234 9 12188 3079 12249 3093 0 
14413324 8 12250 3065 12373 3093 0 
1441333 7 11880 3093 12127 3149 0 
1441334 7 12127 3093 12374 3149 0 
144134 6 12375 3037 12870 3149 0 
14414 5 12870 2925 13860 3150 0 
1442 4 13860 2700 15840 3150 0 
14421 5 13860 2700 14850 2925 0 
14422 5 14850 2700 15840 2925 0 
14423 5 13860 2925 14850 3150 0 
144231 6 13860 2925 14355 3037 0 
144232 6 14355 2925 14850 3037 0 
144233 6 13860 3037 14355 3149 0 
144234 6 14355 3037 14850 3149 1 108 
14424 5 14850 2925 15840 3150 0 
144241 6 14850 2925 15345 3037 0 
144242 6 15345 2925 15840 3037 0 
144243 6 14850 3037 15345 3149 0 
144244 6 15345 3037 15840 3149 1 110 
1443 4 11880 3150 13860 3600 1 99 
14431 5 11880 3150 12870 3375 0 
14432 5 12870 3150 13860 3375 0 
14433 5 11880 3375 12870 3600 0 
14434 5 12870 3375 13860 3600 0 
144341 6 12870 3375 13365 3487 0 
1443411 7 12870 3375 13117 3431 0 
1443412 7 13117 3375 13364 3431 0 
1443413 7 12870 3431 13117 3487 0 
14434131 8 12870 3431 12993 3459 0 
144341311 9 12870 3431 12931 3445 0 
1443413111 10 12870 3431 12900 3438 0 
1443413112 10 12900 3431 12930 3438 0 
1443413113 10 12870 3438 12900 3445 0 
1443413114 10 12900 3438 12930 3445 0 
144341312 9 12931 3431 12992 3445 0 
144341313 9 12870 3445 12931 3459 0 
144341314 9 12931 3445 12992 3459 0 
14434132 8 12993 3431 13116 3459 0 
14434133 8 12870 3459 12993 3487 0 
14434134 8 12993 3459 13116 3487 0 
1443414 7 13117 3431 13364 3487 0 
144342 6 13365 3375 13860 3487 0 
144343 6 12870 3487 13365 3599 0 
144344 6 13365 3487 13860 3599 0 
1444 4 13860 3150 15840 3600 1 112 
14441 5 13860 3150 14850 3375 0 
14442 5 14850 3150 15840 3375 0 
14443 5 13860 3375 14850 3600 0 
144431 6 13860 3375 14355 3487 0 
1444311 7 13860 3375 14107 3431 0 
1444312 7 14107 3375 14354 3431 0 
1444313 7 13860 3431 14107 3487 0 
14443131 8 13860 3431 13983 3459 0 
14443132 8 13983 3431 14106 3459 0 
144431321 9 13983 3431 14044 3445 0 
144431322 9 14044 3431 14105 3445 0 
1444313221 10 14044 3431 14074 3438 0 
1444313222 10 14074 3431 14104 3438 0 
1444313223 10 14044 3438 14074 3445 0 
1444313224 10 14074 3438 14104 3445 0 
144431323 9 13983 3445 14044 3459 0 
144431324 9 14044 3445 14105 3459 0 
14443133 8 13860 3459 13983 3487 0 
14443134 8 13983 3459 14106 3487 0 
1444314 7 14107 3431 14354 3487 0 
144432 6 14355 3375 14850 3487 0 
144433 6 13860 3487 14355 3599 0 
144434 6 14355 3487 14850 3599 0 
14444 5 14850 3375 15840 3600 0 
